SNR = 4.5 ; BER1 = 0.0473114 ;BER2 = 0.0161821 ; FER = 0.390625
SNR = 4 ; BER1 = 0.0755349 ;BER2 = 0.0525162 ; FER = 0.970874 FERALL = 1
SNR = 4.25 ; BER1 = 0.0668149 ;BER2 = 0.0374891 ; FER = 0.787402 FERALL = 1
SNR = 4.75 ; BER1 = 0.0197628 ;BER2 = 0.00201819 ; FER = 0.050813 FERALL = 0.494411
